0 594 616 552 494 861
0 594 616 552 494 861
0 594 616 552 494 861
0 594 616 552 494 861
0 594 616 552 494 861
0 594 616 552 494 861
0 594 616 552 494 861
0 594 616 552 494 861
0 594 616 552 494 861
0 594 616 552 494 862
0 594 616 552 494 861
0 594 616 552 494 861
0 594 616 552 494 861
0 594 616 552 494 861
0 594 616 552 494 861
0 594 616 552 494 861
0 594 616 552 494 861
0 594 616 552 494 861
0 594 616 552 494 861
0 593 616 552 494 861
1 770 805 744 708 901
1 770 805 744 708 902
1 770 805 744 708 901
1 770 805 744 708 902
1 765 800 743 705 901
1 766 800 743 705 901
1 766 800 743 705 901
1 765 800 743 705 901
1 765 800 743 705 901
1 766 800 743 705 901
1 766 800 742 704 901
1 767 800 742 704 901
1 766 800 742 704 903
1 766 800 742 704 901
1 765 800 742 704 900
1 765 800 742 704 901
