0 594 616 552 494 861
0 594 616 552 494 861
0 594 616 552 494 861
0 594 616 552 494 861
0 594 616 552 494 861
0 594 616 552 494 861
0 594 616 552 494 861
0 594 616 552 494 861
0 594 616 552 494 861
0 594 616 552 494 862
0 594 616 552 494 861
0 594 616 552 494 861
0 594 616 552 494 861
0 594 616 552 494 861
0 594 616 552 494 861
0 594 616 552 494 861
0 594 616 552 494 861
0 594 616 552 494 861
0 594 616 552 494 861
0 593 616 552 494 861
1 770 805 744 708 901
1 770 805 744 708 902
1 770 805 744 708 901
1 770 805 744 708 902
1 765 800 743 705 901
1 766 800 743 705 901
1 766 800 743 705 901
1 765 800 743 705 901
1 765 800 743 705 901
1 766 800 743 705 901
1 766 800 742 704 901
1 767 800 742 704 901
1 766 800 742 704 903
1 766 800 742 704 901
1 765 800 742 704 900
1 765 800 742 704 901
1 753 788 739 714 872
1 756 790 742 718 873
1 748 780 725 690 881
1 748 780 725 690 881
1 748 780 725 691 881
1 748 780 724 692 882
1 748 780 723 692 883
1 748 780 723 692 883
1 748 780 723 691 882
1 747 780 722 691 882
1 747 780 722 690 883
1 747 780 722 690 883
1 747 779 722 690 883
1 747 779 722 689 884
1 747 779 722 689 884
1 747 779 722 689 884
2 739 770 737 576 881
2 739 770 737 576 881
2 739 770 737 576 881
2 739 770 737 576 881
2 739 770 737 576 881
2 739 770 737 576 880
2 739 770 736 576 881
2 739 770 736 576 881
2 739 770 736 575 881
2 739 770 736 575 881
2 739 770 736 575 880
2 739 770 736 575 881
2 739 769 736 575 881
2 739 769 736 575 880
2 739 770 736 575 880
3 726 779 569 560 876
3 726 779 569 560 876
3 725 778 569 560 876
3 725 778 569 560 877
3 725 779 569 559 876
3 724 779 569 559 876
3 722 777 569 559 875
3 722 776 569 559 875
3 721 776 569 559 874
3 720 776 569 558 874
3 721 775 568 557 874
3 720 775 568 557 874
3 721 774 568 557 874
3 721 774 568 556 873
3 721 773 569 556 874
3 720 773 569 556 876
3 720 773 569 555 876
4 710 640 580 560 872
4 709 639 580 560 873
4 710 640 580 560 872
4 708 628 575 563 873
4 708 628 575 563 873
4 708 629 575 563 873
4 708 629 575 563 873
4 708 629 574 563 873
4 708 629 574 563 873
4 708 629 574 563 873
4 708 630 573 563 873
4 707 629 573 563 873
4 707 629 573 564 873
4 707 629 573 563 873
4 707 629 573 563 873
4 707 629 573 563 873
4 707 629 573 563 873
5 579 614 556 516 882
5 581 616 556 517 882
5 579 614 556 516 882
5 578 614 556 516 882
5 603 624 561 533 880
5 602 624 560 533 880
5 603 626 560 534 881
5 601 627 560 538 881
5 599 629 560 537 880
5 598 628 561 537 880
5 596 627 562 536 880
5 593 625 562 535 880
5 585 624 562 533 880
5 581 623 562 532 881
5 580 622 562 530 880
5 578 621 562 528 880
5 576 620 562 527 880
5 574 619 562 525 880
6 720 748 576 652 866
6 720 748 576 652 866
6 720 748 576 652 866
6 720 748 576 652 866
6 719 749 576 652 865
6 719 748 576 652 866
6 719 748 576 652 866
6 719 748 576 652 866
6 719 748 576 651 866
6 719 748 576 651 866
6 719 748 576 651 866
6 719 748 576 651 866
6 719 748 576 651 866
6 719 748 576 651 866
6 719 748 576 651 866
7 574 623 587 633 868
7 575 623 587 633 868
7 584 626 587 614 868
7 579 624 584 610 867
7 579 624 584 609 867
7 579 624 584 610 867
7 579 624 584 609 867
7 579 624 583 609 867
7 579 624 583 609 867
7 579 624 583 609 867
7 579 624 583 609 867
7 578 625 583 609 867
7 579 624 583 609 867
7 578 625 583 609 867
7 578 624 583 609 867
7 578 624 583 609 867
7 578 625 582 610 867
7 578 626 583 610 867
7 577 626 582 610 867
8 598 760 721 560 866
8 598 760 721 560 866
8 598 760 721 560 866
8 598 760 721 560 866
8 597 757 718 562 865
8 597 757 718 562 865
8 597 757 718 561 865
8 597 756 718 561 865
8 596 756 718 560 865
8 596 756 718 560 865
8 597 756 718 560 865
8 597 756 718 560 865
8 598 756 718 560 865
8 598 756 718 560 864
8 598 756 719 561 864
8 599 756 718 563 863
8 600 757 719 563 863
8 602 756 719 564 863
8 602 757 720 566 862
9 637 671 613 574 868
9 637 671 613 574 868
9 637 671 613 574 868
9 637 671 613 574 868
9 637 671 613 574 868
9 601 644 595 558 866
9 601 644 595 553 866
9 603 644 595 549 866
9 604 644 595 546 866
9 606 644 594 543 866
9 605 642 592 541 866
9 610 644 591 540 866
9 614 644 591 539 866
9 620 645 592 540 866
9 627 649 594 544 865
9 621 661 604 552 864
9 618 677 619 561 864
9 620 684 625 569 864
9 626 685 625 569 865
10 613 766 718 698 870
10 612 765 719 698 866
10 612 765 719 698 866
10 615 762 713 692 868
10 614 762 713 691 868
10 614 762 712 690 868
10 616 762 712 690 868
10 616 762 712 691 868
10 616 762 712 691 868
10 615 763 712 690 868
10 615 762 712 689 868
10 614 761 712 690 868
10 615 761 712 691 868
10 614 762 712 690 868
10 613 762 712 689 868
10 613 761 712 689 868
10 612 761 712 690 867
11 747 768 718 684 872
11 747 769 718 685 873
11 747 768 718 684 872
11 747 769 718 685 873
11 747 768 718 684 872
11 74744 766 716 682 872
11 743 767 716 682 872
11 743 767 716 682 872
11 743 766 716 682 873
11 743 766 716 681 874
11 742 766 716 683 875
11 742 765 717 686 875
11 742 765 716 688 875
11 742 765 717 690 876
11 744 765 718 695 877
11 745 766 717 697 876
11 745 765 718 697 876
11 754 775 726 584 866
11 754 774 726 584 866
11 754 775 726 584 866
11 754 774 726 584 866
11 748 769 720 585 867
11 748 770 720 585 867
11 748 769 720 585 867
11 748 770 720 584 867
11 748 770 721 583 867
11 748 769 721 583 867
11 748 769 721 583 867
11 748 769 721 582 867
11 748 769 721 581 867
11 747 769 721 581 867
11 747 769 721 580 867
11 747 769 721 579 867
11 747 769 721 579 867
