0 631 705 627 584 896
0 625 704 628 584 895
0 637 680 635 588 895
0 637 681 635 588 895
0 639 680 634 588 895
0 637 679 635 588 895
0 637 676 635 588 895
0 637 676 635 588 895
0 638 676 635 588 895
0 638 676 635 588 895
0 646 675 634 588 895
0 638 675 635 588 895
0 639 674 635 588 895
0 639 675 635 588 895
0 639 674 635 588 894
0 639 670 635 588 895
0 647 669 634 588 895
1 786 857 794 799 933
1 785 857 794 800 933
1 799 859 790 800 931
1 783 857 792 799 930
1 777 856 790 798 927
1 775 855 790 797 927
1 767 852 787 796 925
1 766 852 787 795 925
1 789 849 786 790 947
1 789 849 786 790 946
1 788 847 786 789 945
1 807 848 784 789 945
1 789 847 785 789 945
1 788 847 785 789 945
1 789 847 785 788 945
1 789 847 785 789 945
1 788 847 785 789 945
1 807 816 784 789 945
1 788 847 786 789 945
1 789 847 785 788 944
1 788 847 785 789 944
1 788 847 785 788 944
1 788 847 785 788 945
1 788 847 785 788 945
1 807 840 784 788 944
1 788 847 785 788 945
1 788 847 785 788 944
2 795 820 791 596 936
2 777 854 793 596 936
2 773 852 789 592 932
2 773 852 789 592 931
2 779 851 786 592 932
2 773 852 789 592 932
2 773 852 789 592 932
2 773 852 789 592 931
2 773 852 789 592 932
2 773 852 789 592 932
2 773 852 789 592 932
2 791 848 788 592 932
2 773 852 789 592 932
2 773 852 789 592 932
2 773 852 789 592 932
2 773 852 789 592 932
2 773 852 789 592 932
2 773 852 789 592 932
2 773 852 789 592 932
3 774 857 704 601 920
3 774 852 702 601 923
3 774 851 702 601 923
3 773 851 701 601 923
3 791 848 700 601 923
3 773 851 701 601 923
3 774 852 701 601 923
3 773 851 701 601 923
3 773 851 701 601 923
3 773 851 701 601 923
3 773 851 701 601 923
3 773 851 700 602 924
3 791 848 700 601 924
3 773 851 700 601 924
3 773 851 700 601 924
3 773 850 700 601 924
3 773 851 700 601 924
3 773 850 700 601 924
4 633 832 663 592 910
4 631 842 664 593 915
4 633 842 664 593 914
4 637 844 664 594 913
4 634 844 667 595 912
4 632 844 668 596 912
4 630 845 669 596 911
4 628 846 669 597 912
5 633 680 654 596 928
5 630 695 654 596 933
5 630 694 654 596 933
5 630 693 655 596 933
5 637 692 655 596 933
5 630 693 656 596 933
5 630 693 657 597 933
5 631 694 658 597 933
6 791 832 725 802 939
6 785 848 725 804 943
6 785 849 725 803 943
6 785 848 725 803 943
6 785 848 725 803 943
6 785 848 725 803 943
6 785 848 724 803 943
6 785 848 724 803 943
7 728 794 717 729 920
7 729 796 718 729 920
7 728 794 717 729 920
7 729 796 718 729 920
7 622 644 682 734 920
7 623 642 681 734 920
7 622 644 682 733 920
7 626 645 682 732 921
7 629 646 683 732 920
7 631 647 684 732 921
7 631 648 684 732 921
7 633 648 684 732 921
7 639 640 682 736 922
7 634 648 684 736 923
7 636 649 684 735 926
7 636 649 684 735 927
7 638 649 684 735 933
8 785 734 798 592 906
8 785 734 798 592 906
8 779 723 790 599 904
8 777 718 791 598 904
8 776 710 790 602 905
8 791 701 789 617 904
8 772 695 788 631 904
8 769 693 785 637 904
8 768 691 783 646 904
8 769 693 783 652 904
8 771 695 786 640 904
8 772 697 789 621 904
8 791 696 788 610 904
8 774 698 790 605 904
8 774 700 789 602 904
8 773 706 788 598 904
8 769 710 784 593 904
9 708 792 693 623 907
9 711 793 696 626 907
9 708 792 693 623 907
9 707 768 697 634 905
9 717 795 697 634 909
9 716 792 695 632 909
9 719 789 689 628 909
9 712 787 688 626 909
9 707 786 684 623 908
9 706 785 683 622 908
9 703 784 683 621 908
9 694 784 683 621 907
9 682 785 682 621 906
9 679 783 681 620 906
9 693 780 681 620 906
9 688 785 683 623 905
9 693 787 685 625 904
9 701 793 691 631 905
10 798 704 785 780 912
10 790 704 787 783 915
10 797 702 785 783 913
10 791 704 788 784 911
10 791 703 788 784 910
10 790 703 788 785 910
10 791 702 787 786 909
10 790 700 787 786 906
10 785 708 783 762 918
10 785 708 783 762 918
10 785 708 783 762 917
10 781 668 783 766 907
10 780 670 783 767 907
10 787 673 780 767 907
10 781 677 783 766 908
10 781 681 783 767 908
10 782 702 783 766 908
10 781 716 782 765 910
10 781 721 781 764 914
10 782 720 781 763 914
10 781 716 782 763 917
10 799 706 780 762 921
10 780 700 781 762 921
10 780 701 781 761 922
10 780 701 781 761 923
10 779 700 780 760 921
11 790 860 783 779 919
11 807 861 781 778 914
11 790 860 783 780 919
11 790 860 783 781 919
11 791 861 784 782 918
11 811 853 782 782 918
11 791 860 784 781 918
11 791 859 783 780 918
12 776 859 777 592 906
12 775 852 777 587 905
12 775 852 776 586 899
12 775 852 776 586 893
12 775 852 776 585 891
12 775 852 776 584 893
12 775 852 776 583 893
12 791 854 773 582 892
12 775 853 775 582 892
12 774 853 775 582 892
12 774 853 775 582 893
12 774 852 776 583 892
12 775 852 777 585 891
12 775 853 779 586 892
12 775 852 780 586 892
12 791 818 778 586 893
12 777 853 782 585 892
12 777 854 784 585 894
12 778 854 785 585 892
